# {"t_start": 1606821252.717628, "env_id": "DMBenchCartpoleSwingup-v0"} 
r,l,t
